511 27
17 224
1 2 3 3 4 5 6 6 6 6 6 7 8 8 8 9 10 11 11 11 11 12 12 13 14 14 15 15 14 13 13 13 13 13 14 14 15 16 16 15 16 16 15 14 13 13 14 15 14 14 13 13 13 12 11 11 12 13 13 13 13 12 13 13 12 12 12 12 13 13 14 14 14 13 13 13 13 14 13 13 14 14 14 13 13 13 13 12 12 12 12 12 11 11 10 9 10 9 9 9 9 8 8 8 8 8 9 8 9 9 9 9 8 7 7 7 6 5 5 5 6 7 8 7 8 8 8 9 9 9 10 9 9 9 10 9 9 9 8 8 8 8 9 9 10 11 12 11 11 11 12 11 12 12 12 13 13 12 13 13 13 13 13 14 14 14 14 14 14 13 14 13 13 12 12 11 11 10 10 10 11 11 10 10 10 10 10 9 8 9 8 8 8 9 9 10 11 11 11 11 12 12 12 11 12 13 13 13 12 13 14 14 14 15 15 15 14 14 15 16 15 16 16 15 15 16 15 15 15 16 17 16 15 14 13 14 13 13 13 12 12 12 13 13 13 12 11 11 10 10 11 10 9 9 9 9 8 8 9 10 10 11 11 11 11 11 12 11 12 11 11 12 13 13 13 13 12 11 11 11 12 11 12 13 12 11 11 11 10 9 9 9 9 8 9 8 8 8 8 8 8 8 9 9 9 10 11 10 10 10 10 11 11 10 10 11 12 12 12 12 12 12 12 13 14 13 13 13 14 14 14 15 14 13 14 14 13 13 13 13 13 14 13 12 12 11 11 12 12 13 12 12 13 12 13 12 12 13 12 12 12 12 13 13 12 12 13 14 14 15 15 15 16 17 17 16 16 17 17 16 16 16 16 16 15 15 16 16 16 15 16 17 16 16 16 16 15 16 16 16 15 14 14 14 14 13 14 15 15 15 14 15 15 15 15 15 16 16 15 15 15 14 14 14 14 14 14 14 15 16 15 15 16 16 15 14 15 16 15 16 16 17 16 15 14 15 16 15 15 14 14 14 14 13 13 12 12 13 12 12 11 12 13 13 12 13 13 12 12 12 13 14 13 13 13 13 13 13 12 13 14 15 15 14 14 14 13 13 12 11 10 10 9 8 8 7 7 6 5 5 4 4 4 4 4 4 3 2 1 1 1 
224 224 224 224 224 224 224 224 224 224 224 224 224 224 224 224 224 224 224 224 224 224 224 224 224 224 224 
1 0 0 0 0 0 0 0 0 0 0 0 0 0 0 0 0 
1 2 0 0 0 0 0 0 0 0 0 0 0 0 0 0 0 
1 2 3 0 0 0 0 0 0 0 0 0 0 0 0 0 0 
2 3 4 0 0 0 0 0 0 0 0 0 0 0 0 0 0 
1 3 4 5 0 0 0 0 0 0 0 0 0 0 0 0 0 
1 2 4 5 6 0 0 0 0 0 0 0 0 0 0 0 0 
1 2 3 5 6 7 0 0 0 0 0 0 0 0 0 0 0 
2 3 4 6 7 8 0 0 0 0 0 0 0 0 0 0 0 
3 4 5 7 8 9 0 0 0 0 0 0 0 0 0 0 0 
4 5 6 8 9 10 0 0 0 0 0 0 0 0 0 0 0 
5 6 7 9 10 11 0 0 0 0 0 0 0 0 0 0 0 
1 6 7 8 10 11 12 0 0 0 0 0 0 0 0 0 0 
1 2 7 8 9 11 12 13 0 0 0 0 0 0 0 0 0 
2 3 8 9 10 12 13 14 0 0 0 0 0 0 0 0 0 
3 4 9 10 11 13 14 15 0 0 0 0 0 0 0 0 0 
1 4 5 10 11 12 14 15 16 0 0 0 0 0 0 0 0 
1 2 5 6 11 12 13 15 16 17 0 0 0 0 0 0 0 
1 2 3 6 7 12 13 14 16 17 18 0 0 0 0 0 0 
2 3 4 7 8 13 14 15 17 18 19 0 0 0 0 0 0 
3 4 5 8 9 14 15 16 18 19 20 0 0 0 0 0 0 
4 5 6 9 10 15 16 17 19 20 21 0 0 0 0 0 0 
1 5 6 7 10 11 16 17 18 20 21 22 0 0 0 0 0 
2 6 7 8 11 12 17 18 19 21 22 23 0 0 0 0 0 
1 3 7 8 9 12 13 18 19 20 22 23 24 0 0 0 0 
1 2 4 8 9 10 13 14 19 20 21 23 24 25 0 0 0 
2 3 5 9 10 11 14 15 20 21 22 24 25 26 0 0 0 
1 3 4 6 10 11 12 15 16 21 22 23 25 26 27 0 0 
1 2 4 5 7 11 12 13 16 17 22 23 24 26 27 0 0 
2 3 5 6 8 12 13 14 17 18 23 24 25 27 0 0 0 
3 4 6 7 9 13 14 15 18 19 24 25 26 0 0 0 0 
4 5 7 8 10 14 15 16 19 20 25 26 27 0 0 0 0 
1 5 6 8 9 11 15 16 17 20 21 26 27 0 0 0 0 
1 2 6 7 9 10 12 16 17 18 21 22 27 0 0 0 0 
1 2 3 7 8 10 11 13 17 18 19 22 23 0 0 0 0 
1 2 3 4 8 9 11 12 14 18 19 20 23 24 0 0 0 
2 3 4 5 9 10 12 13 15 19 20 21 24 25 0 0 0 
1 3 4 5 6 10 11 13 14 16 20 21 22 25 26 0 0 
1 2 4 5 6 7 11 12 14 15 17 21 22 23 26 27 0 
1 2 3 5 6 7 8 12 13 15 16 18 22 23 24 27 0 
2 3 4 6 7 8 9 13 14 16 17 19 23 24 25 0 0 
1 3 4 5 7 8 9 10 14 15 17 18 20 24 25 26 0 
2 4 5 6 8 9 10 11 15 16 18 19 21 25 26 27 0 
3 5 6 7 9 10 11 12 16 17 19 20 22 26 27 0 0 
4 6 7 8 10 11 12 13 17 18 20 21 23 27 0 0 0 
5 7 8 9 11 12 13 14 18 19 21 22 24 0 0 0 0 
6 8 9 10 12 13 14 15 19 20 22 23 25 0 0 0 0 
1 7 9 10 11 13 14 15 16 20 21 23 24 26 0 0 0 
1 2 8 10 11 12 14 15 16 17 21 22 24 25 27 0 0 
2 3 9 11 12 13 15 16 17 18 22 23 25 26 0 0 0 
3 4 10 12 13 14 16 17 18 19 23 24 26 27 0 0 0 
4 5 11 13 14 15 17 18 19 20 24 25 27 0 0 0 0 
1 5 6 12 14 15 16 18 19 20 21 25 26 0 0 0 0 
2 6 7 13 15 16 17 19 20 21 22 26 27 0 0 0 0 
3 7 8 14 16 17 18 20 21 22 23 27 0 0 0 0 0 
4 8 9 15 17 18 19 21 22 23 24 0 0 0 0 0 0 
5 9 10 16 18 19 20 22 23 24 25 0 0 0 0 0 0 
1 6 10 11 17 19 20 21 23 24 25 26 0 0 0 0 0 
1 2 7 11 12 18 20 21 22 24 25 26 27 0 0 0 0 
1 2 3 8 12 13 19 21 22 23 25 26 27 0 0 0 0 
1 2 3 4 9 13 14 20 22 23 24 26 27 0 0 0 0 
1 2 3 4 5 10 14 15 21 23 24 25 27 0 0 0 0 
2 3 4 5 6 11 15 16 22 24 25 26 0 0 0 0 0 
1 3 4 5 6 7 12 16 17 23 25 26 27 0 0 0 0 
1 2 4 5 6 7 8 13 17 18 24 26 27 0 0 0 0 
2 3 5 6 7 8 9 14 18 19 25 27 0 0 0 0 0 
1 3 4 6 7 8 9 10 15 19 20 26 0 0 0 0 0 
2 4 5 7 8 9 10 11 16 20 21 27 0 0 0 0 0 
1 3 5 6 8 9 10 11 12 17 21 22 0 0 0 0 0 
1 2 4 6 7 9 10 11 12 13 18 22 23 0 0 0 0 
2 3 5 7 8 10 11 12 13 14 19 23 24 0 0 0 0 
1 3 4 6 8 9 11 12 13 14 15 20 24 25 0 0 0 
2 4 5 7 9 10 12 13 14 15 16 21 25 26 0 0 0 
3 5 6 8 10 11 13 14 15 16 17 22 26 27 0 0 0 
4 6 7 9 11 12 14 15 16 17 18 23 27 0 0 0 0 
1 5 7 8 10 12 13 15 16 17 18 19 24 0 0 0 0 
2 6 8 9 11 13 14 16 17 18 19 20 25 0 0 0 0 
3 7 9 10 12 14 15 17 18 19 20 21 26 0 0 0 0 
1 4 8 10 11 13 15 16 18 19 20 21 22 27 0 0 0 
2 5 9 11 12 14 16 17 19 20 21 22 23 0 0 0 0 
3 6 10 12 13 15 17 18 20 21 22 23 24 0 0 0 0 
1 4 7 11 13 14 16 18 19 21 22 23 24 25 0 0 0 
2 5 8 12 14 15 17 19 20 22 23 24 25 26 0 0 0 
3 6 9 13 15 16 18 20 21 23 24 25 26 27 0 0 0 
4 7 10 14 16 17 19 21 22 24 25 26 27 0 0 0 0 
1 5 8 11 15 17 18 20 22 23 25 26 27 0 0 0 0 
1 2 6 9 12 16 18 19 21 23 24 26 27 0 0 0 0 
1 2 3 7 10 13 17 19 20 22 24 25 27 0 0 0 0 
2 3 4 8 11 14 18 20 21 23 25 26 0 0 0 0 0 
3 4 5 9 12 15 19 21 22 24 26 27 0 0 0 0 0 
1 4 5 6 10 13 16 20 22 23 25 27 0 0 0 0 0 
1 2 5 6 7 11 14 17 21 23 24 26 0 0 0 0 0 
2 3 6 7 8 12 15 18 22 24 25 27 0 0 0 0 0 
3 4 7 8 9 13 16 19 23 25 26 0 0 0 0 0 0 
4 5 8 9 10 14 17 20 24 26 27 0 0 0 0 0 0 
5 6 9 10 11 15 18 21 25 27 0 0 0 0 0 0 0 
6 7 10 11 12 16 19 22 26 0 0 0 0 0 0 0 0 
1 7 8 11 12 13 17 20 23 27 0 0 0 0 0 0 0 
2 8 9 12 13 14 18 21 24 0 0 0 0 0 0 0 0 
3 9 10 13 14 15 19 22 25 0 0 0 0 0 0 0 0 
4 10 11 14 15 16 20 23 26 0 0 0 0 0 0 0 0 
5 11 12 15 16 17 21 24 27 0 0 0 0 0 0 0 0 
6 12 13 16 17 18 22 25 0 0 0 0 0 0 0 0 0 
7 13 14 17 18 19 23 26 0 0 0 0 0 0 0 0 0 
8 14 15 18 19 20 24 27 0 0 0 0 0 0 0 0 0 
1 9 15 16 19 20 21 25 0 0 0 0 0 0 0 0 0 
2 10 16 17 20 21 22 26 0 0 0 0 0 0 0 0 0 
1 3 11 17 18 21 22 23 27 0 0 0 0 0 0 0 0 
2 4 12 18 19 22 23 24 0 0 0 0 0 0 0 0 0 
1 3 5 13 19 20 23 24 25 0 0 0 0 0 0 0 0 
2 4 6 14 20 21 24 25 26 0 0 0 0 0 0 0 0 
3 5 7 15 21 22 25 26 27 0 0 0 0 0 0 0 0 
1 4 6 8 16 22 23 26 27 0 0 0 0 0 0 0 0 
2 5 7 9 17 23 24 27 0 0 0 0 0 0 0 0 0 
3 6 8 10 18 24 25 0 0 0 0 0 0 0 0 0 0 
4 7 9 11 19 25 26 0 0 0 0 0 0 0 0 0 0 
5 8 10 12 20 26 27 0 0 0 0 0 0 0 0 0 0 
6 9 11 13 21 27 0 0 0 0 0 0 0 0 0 0 0 
7 10 12 14 22 0 0 0 0 0 0 0 0 0 0 0 0 
8 11 13 15 23 0 0 0 0 0 0 0 0 0 0 0 0 
9 12 14 16 24 0 0 0 0 0 0 0 0 0 0 0 0 
1 10 13 15 17 25 0 0 0 0 0 0 0 0 0 0 0 
1 2 11 14 16 18 26 0 0 0 0 0 0 0 0 0 0 
1 2 3 12 15 17 19 27 0 0 0 0 0 0 0 0 0 
2 3 4 13 16 18 20 0 0 0 0 0 0 0 0 0 0 
1 3 4 5 14 17 19 21 0 0 0 0 0 0 0 0 0 
2 4 5 6 15 18 20 22 0 0 0 0 0 0 0 0 0 
3 5 6 7 16 19 21 23 0 0 0 0 0 0 0 0 0 
1 4 6 7 8 17 20 22 24 0 0 0 0 0 0 0 0 
2 5 7 8 9 18 21 23 25 0 0 0 0 0 0 0 0 
3 6 8 9 10 19 22 24 26 0 0 0 0 0 0 0 0 
1 4 7 9 10 11 20 23 25 27 0 0 0 0 0 0 0 
2 5 8 10 11 12 21 24 26 0 0 0 0 0 0 0 0 
3 6 9 11 12 13 22 25 27 0 0 0 0 0 0 0 0 
1 4 7 10 12 13 14 23 26 0 0 0 0 0 0 0 0 
1 2 5 8 11 13 14 15 24 27 0 0 0 0 0 0 0 
2 3 6 9 12 14 15 16 25 0 0 0 0 0 0 0 0 
3 4 7 10 13 15 16 17 26 0 0 0 0 0 0 0 0 
4 5 8 11 14 16 17 18 27 0 0 0 0 0 0 0 0 
5 6 9 12 15 17 18 19 0 0 0 0 0 0 0 0 0 
6 7 10 13 16 18 19 20 0 0 0 0 0 0 0 0 0 
7 8 11 14 17 19 20 21 0 0 0 0 0 0 0 0 0 
8 9 12 15 18 20 21 22 0 0 0 0 0 0 0 0 0 
1 9 10 13 16 19 21 22 23 0 0 0 0 0 0 0 0 
2 10 11 14 17 20 22 23 24 0 0 0 0 0 0 0 0 
1 3 11 12 15 18 21 23 24 25 0 0 0 0 0 0 0 
1 2 4 12 13 16 19 22 24 25 26 0 0 0 0 0 0 
1 2 3 5 13 14 17 20 23 25 26 27 0 0 0 0 0 
2 3 4 6 14 15 18 21 24 26 27 0 0 0 0 0 0 
1 3 4 5 7 15 16 19 22 25 27 0 0 0 0 0 0 
1 2 4 5 6 8 16 17 20 23 26 0 0 0 0 0 0 
1 2 3 5 6 7 9 17 18 21 24 27 0 0 0 0 0 
2 3 4 6 7 8 10 18 19 22 25 0 0 0 0 0 0 
1 3 4 5 7 8 9 11 19 20 23 26 0 0 0 0 0 
2 4 5 6 8 9 10 12 20 21 24 27 0 0 0 0 0 
1 3 5 6 7 9 10 11 13 21 22 25 0 0 0 0 0 
1 2 4 6 7 8 10 11 12 14 22 23 26 0 0 0 0 
2 3 5 7 8 9 11 12 13 15 23 24 27 0 0 0 0 
3 4 6 8 9 10 12 13 14 16 24 25 0 0 0 0 0 
1 4 5 7 9 10 11 13 14 15 17 25 26 0 0 0 0 
2 5 6 8 10 11 12 14 15 16 18 26 27 0 0 0 0 
1 3 6 7 9 11 12 13 15 16 17 19 27 0 0 0 0 
1 2 4 7 8 10 12 13 14 16 17 18 20 0 0 0 0 
2 3 5 8 9 11 13 14 15 17 18 19 21 0 0 0 0 
1 3 4 6 9 10 12 14 15 16 18 19 20 22 0 0 0 
2 4 5 7 10 11 13 15 16 17 19 20 21 23 0 0 0 
3 5 6 8 11 12 14 16 17 18 20 21 22 24 0 0 0 
4 6 7 9 12 13 15 17 18 19 21 22 23 25 0 0 0 
5 7 8 10 13 14 16 18 19 20 22 23 24 26 0 0 0 
6 8 9 11 14 15 17 19 20 21 23 24 25 27 0 0 0 
7 9 10 12 15 16 18 20 21 22 24 25 26 0 0 0 0 
1 8 10 11 13 16 17 19 21 22 23 25 26 27 0 0 0 
2 9 11 12 14 17 18 20 22 23 24 26 27 0 0 0 0 
1 3 10 12 13 15 18 19 21 23 24 25 27 0 0 0 0 
2 4 11 13 14 16 19 20 22 24 25 26 0 0 0 0 0 
3 5 12 14 15 17 20 21 23 25 26 27 0 0 0 0 0 
4 6 13 15 16 18 21 22 24 26 27 0 0 0 0 0 0 
1 5 7 14 16 17 19 22 23 25 27 0 0 0 0 0 0 
2 6 8 15 17 18 20 23 24 26 0 0 0 0 0 0 0 
3 7 9 16 18 19 21 24 25 27 0 0 0 0 0 0 0 
1 4 8 10 17 19 20 22 25 26 0 0 0 0 0 0 0 
1 2 5 9 11 18 20 21 23 26 27 0 0 0 0 0 0 
1 2 3 6 10 12 19 21 22 24 27 0 0 0 0 0 0 
2 3 4 7 11 13 20 22 23 25 0 0 0 0 0 0 0 
3 4 5 8 12 14 21 23 24 26 0 0 0 0 0 0 0 
4 5 6 9 13 15 22 24 25 27 0 0 0 0 0 0 0 
1 5 6 7 10 14 16 23 25 26 0 0 0 0 0 0 0 
2 6 7 8 11 15 17 24 26 27 0 0 0 0 0 0 0 
3 7 8 9 12 16 18 25 27 0 0 0 0 0 0 0 0 
4 8 9 10 13 17 19 26 0 0 0 0 0 0 0 0 0 
1 5 9 10 11 14 18 20 27 0 0 0 0 0 0 0 0 
2 6 10 11 12 15 19 21 0 0 0 0 0 0 0 0 0 
3 7 11 12 13 16 20 22 0 0 0 0 0 0 0 0 0 
4 8 12 13 14 17 21 23 0 0 0 0 0 0 0 0 0 
1 5 9 13 14 15 18 22 24 0 0 0 0 0 0 0 0 
2 6 10 14 15 16 19 23 25 0 0 0 0 0 0 0 0 
1 3 7 11 15 16 17 20 24 26 0 0 0 0 0 0 0 
1 2 4 8 12 16 17 18 21 25 27 0 0 0 0 0 0 
1 2 3 5 9 13 17 18 19 22 26 0 0 0 0 0 0 
2 3 4 6 10 14 18 19 20 23 27 0 0 0 0 0 0 
1 3 4 5 7 11 15 19 20 21 24 0 0 0 0 0 0 
1 2 4 5 6 8 12 16 20 21 22 25 0 0 0 0 0 
2 3 5 6 7 9 13 17 21 22 23 26 0 0 0 0 0 
3 4 6 7 8 10 14 18 22 23 24 27 0 0 0 0 0 
4 5 7 8 9 11 15 19 23 24 25 0 0 0 0 0 0 
1 5 6 8 9 10 12 16 20 24 25 26 0 0 0 0 0 
1 2 6 7 9 10 11 13 17 21 25 26 27 0 0 0 0 
1 2 3 7 8 10 11 12 14 18 22 26 27 0 0 0 0 
1 2 3 4 8 9 11 12 13 15 19 23 27 0 0 0 0 
2 3 4 5 9 10 12 13 14 16 20 24 0 0 0 0 0 
1 3 4 5 6 10 11 13 14 15 17 21 25 0 0 0 0 
1 2 4 5 6 7 11 12 14 15 16 18 22 26 0 0 0 
2 3 5 6 7 8 12 13 15 16 17 19 23 27 0 0 0 
1 3 4 6 7 8 9 13 14 16 17 18 20 24 0 0 0 
1 2 4 5 7 8 9 10 14 15 17 18 19 21 25 0 0 
2 3 5 6 8 9 10 11 15 16 18 19 20 22 26 0 0 
3 4 6 7 9 10 11 12 16 17 19 20 21 23 27 0 0 
4 5 7 8 10 11 12 13 17 18 20 21 22 24 0 0 0 
5 6 8 9 11 12 13 14 18 19 21 22 23 25 0 0 0 
1 6 7 9 10 12 13 14 15 19 20 22 23 24 26 0 0 
1 2 7 8 10 11 13 14 15 16 20 21 23 24 25 27 0 
2 3 8 9 11 12 14 15 16 17 21 22 24 25 26 0 0 
1 3 4 9 10 12 13 15 16 17 18 22 23 25 26 27 0 
1 2 4 5 10 11 13 14 16 17 18 19 23 24 26 27 0 
2 3 5 6 11 12 14 15 17 18 19 20 24 25 27 0 0 
1 3 4 6 7 12 13 15 16 18 19 20 21 25 26 0 0 
1 2 4 5 7 8 13 14 16 17 19 20 21 22 26 27 0 
2 3 5 6 8 9 14 15 17 18 20 21 22 23 27 0 0 
1 3 4 6 7 9 10 15 16 18 19 21 22 23 24 0 0 
2 4 5 7 8 10 11 16 17 19 20 22 23 24 25 0 0 
1 3 5 6 8 9 11 12 17 18 20 21 23 24 25 26 0 
1 2 4 6 7 9 10 12 13 18 19 21 22 24 25 26 27 
2 3 5 7 8 10 11 13 14 19 20 22 23 25 26 27 0 
3 4 6 8 9 11 12 14 15 20 21 23 24 26 27 0 0 
4 5 7 9 10 12 13 15 16 21 22 24 25 27 0 0 0 
5 6 8 10 11 13 14 16 17 22 23 25 26 0 0 0 0 
1 6 7 9 11 12 14 15 17 18 23 24 26 27 0 0 0 
2 7 8 10 12 13 15 16 18 19 24 25 27 0 0 0 0 
1 3 8 9 11 13 14 16 17 19 20 25 26 0 0 0 0 
2 4 9 10 12 14 15 17 18 20 21 26 27 0 0 0 0 
3 5 10 11 13 15 16 18 19 21 22 27 0 0 0 0 0 
1 4 6 11 12 14 16 17 19 20 22 23 0 0 0 0 0 
2 5 7 12 13 15 17 18 20 21 23 24 0 0 0 0 0 
1 3 6 8 13 14 16 18 19 21 22 24 25 0 0 0 0 
2 4 7 9 14 15 17 19 20 22 23 25 26 0 0 0 0 
3 5 8 10 15 16 18 20 21 23 24 26 27 0 0 0 0 
4 6 9 11 16 17 19 21 22 24 25 27 0 0 0 0 0 
5 7 10 12 17 18 20 22 23 25 26 0 0 0 0 0 0 
6 8 11 13 18 19 21 23 24 26 27 0 0 0 0 0 0 
7 9 12 14 19 20 22 24 25 27 0 0 0 0 0 0 0 
1 8 10 13 15 20 21 23 25 26 0 0 0 0 0 0 0 
1 2 9 11 14 16 21 22 24 26 27 0 0 0 0 0 0 
2 3 10 12 15 17 22 23 25 27 0 0 0 0 0 0 0 
3 4 11 13 16 18 23 24 26 0 0 0 0 0 0 0 0 
4 5 12 14 17 19 24 25 27 0 0 0 0 0 0 0 0 
1 5 6 13 15 18 20 25 26 0 0 0 0 0 0 0 0 
2 6 7 14 16 19 21 26 27 0 0 0 0 0 0 0 0 
3 7 8 15 17 20 22 27 0 0 0 0 0 0 0 0 0 
1 4 8 9 16 18 21 23 0 0 0 0 0 0 0 0 0 
1 2 5 9 10 17 19 22 24 0 0 0 0 0 0 0 0 
1 2 3 6 10 11 18 20 23 25 0 0 0 0 0 0 0 
2 3 4 7 11 12 19 21 24 26 0 0 0 0 0 0 0 
1 3 4 5 8 12 13 20 22 25 27 0 0 0 0 0 0 
1 2 4 5 6 9 13 14 21 23 26 0 0 0 0 0 0 
2 3 5 6 7 10 14 15 22 24 27 0 0 0 0 0 0 
1 3 4 6 7 8 11 15 16 23 25 0 0 0 0 0 0 
2 4 5 7 8 9 12 16 17 24 26 0 0 0 0 0 0 
1 3 5 6 8 9 10 13 17 18 25 27 0 0 0 0 0 
2 4 6 7 9 10 11 14 18 19 26 0 0 0 0 0 0 
1 3 5 7 8 10 11 12 15 19 20 27 0 0 0 0 0 
2 4 6 8 9 11 12 13 16 20 21 0 0 0 0 0 0 
3 5 7 9 10 12 13 14 17 21 22 0 0 0 0 0 0 
1 4 6 8 10 11 13 14 15 18 22 23 0 0 0 0 0 
1 2 5 7 9 11 12 14 15 16 19 23 24 0 0 0 0 
2 3 6 8 10 12 13 15 16 17 20 24 25 0 0 0 0 
3 4 7 9 11 13 14 16 17 18 21 25 26 0 0 0 0 
4 5 8 10 12 14 15 17 18 19 22 26 27 0 0 0 0 
5 6 9 11 13 15 16 18 19 20 23 27 0 0 0 0 0 
6 7 10 12 14 16 17 19 20 21 24 0 0 0 0 0 0 
7 8 11 13 15 17 18 20 21 22 25 0 0 0 0 0 0 
8 9 12 14 16 18 19 21 22 23 26 0 0 0 0 0 0 
1 9 10 13 15 17 19 20 22 23 24 27 0 0 0 0 0 
2 10 11 14 16 18 20 21 23 24 25 0 0 0 0 0 0 
1 3 11 12 15 17 19 21 22 24 25 26 0 0 0 0 0 
1 2 4 12 13 16 18 20 22 23 25 26 27 0 0 0 0 
2 3 5 13 14 17 19 21 23 24 26 27 0 0 0 0 0 
3 4 6 14 15 18 20 22 24 25 27 0 0 0 0 0 0 
1 4 5 7 15 16 19 21 23 25 26 0 0 0 0 0 0 
2 5 6 8 16 17 20 22 24 26 27 0 0 0 0 0 0 
3 6 7 9 17 18 21 23 25 27 0 0 0 0 0 0 0 
4 7 8 10 18 19 22 24 26 0 0 0 0 0 0 0 0 
5 8 9 11 19 20 23 25 27 0 0 0 0 0 0 0 0 
1 6 9 10 12 20 21 24 26 0 0 0 0 0 0 0 0 
2 7 10 11 13 21 22 25 27 0 0 0 0 0 0 0 0 
3 8 11 12 14 22 23 26 0 0 0 0 0 0 0 0 0 
1 4 9 12 13 15 23 24 27 0 0 0 0 0 0 0 0 
2 5 10 13 14 16 24 25 0 0 0 0 0 0 0 0 0 
3 6 11 14 15 17 25 26 0 0 0 0 0 0 0 0 0 
4 7 12 15 16 18 26 27 0 0 0 0 0 0 0 0 0 
1 5 8 13 16 17 19 27 0 0 0 0 0 0 0 0 0 
1 2 6 9 14 17 18 20 0 0 0 0 0 0 0 0 0 
2 3 7 10 15 18 19 21 0 0 0 0 0 0 0 0 0 
3 4 8 11 16 19 20 22 0 0 0 0 0 0 0 0 0 
1 4 5 9 12 17 20 21 23 0 0 0 0 0 0 0 0 
2 5 6 10 13 18 21 22 24 0 0 0 0 0 0 0 0 
3 6 7 11 14 19 22 23 25 0 0 0 0 0 0 0 0 
1 4 7 8 12 15 20 23 24 26 0 0 0 0 0 0 0 
1 2 5 8 9 13 16 21 24 25 27 0 0 0 0 0 0 
2 3 6 9 10 14 17 22 25 26 0 0 0 0 0 0 0 
3 4 7 10 11 15 18 23 26 27 0 0 0 0 0 0 0 
1 4 5 8 11 12 16 19 24 27 0 0 0 0 0 0 0 
1 2 5 6 9 12 13 17 20 25 0 0 0 0 0 0 0 
1 2 3 6 7 10 13 14 18 21 26 0 0 0 0 0 0 
2 3 4 7 8 11 14 15 19 22 27 0 0 0 0 0 0 
3 4 5 8 9 12 15 16 20 23 0 0 0 0 0 0 0 
4 5 6 9 10 13 16 17 21 24 0 0 0 0 0 0 0 
1 5 6 7 10 11 14 17 18 22 25 0 0 0 0 0 0 
1 2 6 7 8 11 12 15 18 19 23 26 0 0 0 0 0 
2 3 7 8 9 12 13 16 19 20 24 27 0 0 0 0 0 
1 3 4 8 9 10 13 14 17 20 21 25 0 0 0 0 0 
2 4 5 9 10 11 14 15 18 21 22 26 0 0 0 0 0 
3 5 6 10 11 12 15 16 19 22 23 27 0 0 0 0 0 
1 4 6 7 11 12 13 16 17 20 23 24 0 0 0 0 0 
2 5 7 8 12 13 14 17 18 21 24 25 0 0 0 0 0 
1 3 6 8 9 13 14 15 18 19 22 25 26 0 0 0 0 
1 2 4 7 9 10 14 15 16 19 20 23 26 27 0 0 0 
2 3 5 8 10 11 15 16 17 20 21 24 27 0 0 0 0 
1 3 4 6 9 11 12 16 17 18 21 22 25 0 0 0 0 
2 4 5 7 10 12 13 17 18 19 22 23 26 0 0 0 0 
1 3 5 6 8 11 13 14 18 19 20 23 24 27 0 0 0 
1 2 4 6 7 9 12 14 15 19 20 21 24 25 0 0 0 
2 3 5 7 8 10 13 15 16 20 21 22 25 26 0 0 0 
1 3 4 6 8 9 11 14 16 17 21 22 23 26 27 0 0 
2 4 5 7 9 10 12 15 17 18 22 23 24 27 0 0 0 
3 5 6 8 10 11 13 16 18 19 23 24 25 0 0 0 0 
1 4 6 7 9 11 12 14 17 19 20 24 25 26 0 0 0 
2 5 7 8 10 12 13 15 18 20 21 25 26 27 0 0 0 
3 6 8 9 11 13 14 16 19 21 22 26 27 0 0 0 0 
1 4 7 9 10 12 14 15 17 20 22 23 27 0 0 0 0 
1 2 5 8 10 11 13 15 16 18 21 23 24 0 0 0 0 
2 3 6 9 11 12 14 16 17 19 22 24 25 0 0 0 0 
3 4 7 10 12 13 15 17 18 20 23 25 26 0 0 0 0 
1 4 5 8 11 13 14 16 18 19 21 24 26 27 0 0 0 
2 5 6 9 12 14 15 17 19 20 22 25 27 0 0 0 0 
3 6 7 10 13 15 16 18 20 21 23 26 0 0 0 0 0 
4 7 8 11 14 16 17 19 21 22 24 27 0 0 0 0 0 
5 8 9 12 15 17 18 20 22 23 25 0 0 0 0 0 0 
6 9 10 13 16 18 19 21 23 24 26 0 0 0 0 0 0 
1 7 10 11 14 17 19 20 22 24 25 27 0 0 0 0 0 
1 2 8 11 12 15 18 20 21 23 25 26 0 0 0 0 0 
1 2 3 9 12 13 16 19 21 22 24 26 27 0 0 0 0 
2 3 4 10 13 14 17 20 22 23 25 27 0 0 0 0 0 
1 3 4 5 11 14 15 18 21 23 24 26 0 0 0 0 0 
1 2 4 5 6 12 15 16 19 22 24 25 27 0 0 0 0 
2 3 5 6 7 13 16 17 20 23 25 26 0 0 0 0 0 
1 3 4 6 7 8 14 17 18 21 24 26 27 0 0 0 0 
2 4 5 7 8 9 15 18 19 22 25 27 0 0 0 0 0 
1 3 5 6 8 9 10 16 19 20 23 26 0 0 0 0 0 
1 2 4 6 7 9 10 11 17 20 21 24 27 0 0 0 0 
2 3 5 7 8 10 11 12 18 21 22 25 0 0 0 0 0 
3 4 6 8 9 11 12 13 19 22 23 26 0 0 0 0 0 
4 5 7 9 10 12 13 14 20 23 24 27 0 0 0 0 0 
1 5 6 8 10 11 13 14 15 21 24 25 0 0 0 0 0 
1 2 6 7 9 11 12 14 15 16 22 25 26 0 0 0 0 
2 3 7 8 10 12 13 15 16 17 23 26 27 0 0 0 0 
3 4 8 9 11 13 14 16 17 18 24 27 0 0 0 0 0 
1 4 5 9 10 12 14 15 17 18 19 25 0 0 0 0 0 
1 2 5 6 10 11 13 15 16 18 19 20 26 0 0 0 0 
1 2 3 6 7 11 12 14 16 17 19 20 21 27 0 0 0 
1 2 3 4 7 8 12 13 15 17 18 20 21 22 0 0 0 
1 2 3 4 5 8 9 13 14 16 18 19 21 22 23 0 0 
2 3 4 5 6 9 10 14 15 17 19 20 22 23 24 0 0 
3 4 5 6 7 10 11 15 16 18 20 21 23 24 25 0 0 
1 4 5 6 7 8 11 12 16 17 19 21 22 24 25 26 0 
1 2 5 6 7 8 9 12 13 17 18 20 22 23 25 26 27 
1 2 3 6 7 8 9 10 13 14 18 19 21 23 24 26 27 
2 3 4 7 8 9 10 11 14 15 19 20 22 24 25 27 0 
1 3 4 5 8 9 10 11 12 15 16 20 21 23 25 26 0 
1 2 4 5 6 9 10 11 12 13 16 17 21 22 24 26 27 
1 2 3 5 6 7 10 11 12 13 14 17 18 22 23 25 27 
2 3 4 6 7 8 11 12 13 14 15 18 19 23 24 26 0 
3 4 5 7 8 9 12 13 14 15 16 19 20 24 25 27 0 
1 4 5 6 8 9 10 13 14 15 16 17 20 21 25 26 0 
2 5 6 7 9 10 11 14 15 16 17 18 21 22 26 27 0 
1 3 6 7 8 10 11 12 15 16 17 18 19 22 23 27 0 
2 4 7 8 9 11 12 13 16 17 18 19 20 23 24 0 0 
3 5 8 9 10 12 13 14 17 18 19 20 21 24 25 0 0 
1 4 6 9 10 11 13 14 15 18 19 20 21 22 25 26 0 
2 5 7 10 11 12 14 15 16 19 20 21 22 23 26 27 0 
1 3 6 8 11 12 13 15 16 17 20 21 22 23 24 27 0 
2 4 7 9 12 13 14 16 17 18 21 22 23 24 25 0 0 
1 3 5 8 10 13 14 15 17 18 19 22 23 24 25 26 0 
1 2 4 6 9 11 14 15 16 18 19 20 23 24 25 26 27 
2 3 5 7 10 12 15 16 17 19 20 21 24 25 26 27 0 
1 3 4 6 8 11 13 16 17 18 20 21 22 25 26 27 0 
1 2 4 5 7 9 12 14 17 18 19 21 22 23 26 27 0 
1 2 3 5 6 8 10 13 15 18 19 20 22 23 24 27 0 
2 3 4 6 7 9 11 14 16 19 20 21 23 24 25 0 0 
1 3 4 5 7 8 10 12 15 17 20 21 22 24 25 26 0 
2 4 5 6 8 9 11 13 16 18 21 22 23 25 26 27 0 
1 3 5 6 7 9 10 12 14 17 19 22 23 24 26 27 0 
2 4 6 7 8 10 11 13 15 18 20 23 24 25 27 0 0 
3 5 7 8 9 11 12 14 16 19 21 24 25 26 0 0 0 
4 6 8 9 10 12 13 15 17 20 22 25 26 27 0 0 0 
1 5 7 9 10 11 13 14 16 18 21 23 26 27 0 0 0 
1 2 6 8 10 11 12 14 15 17 19 22 24 27 0 0 0 
2 3 7 9 11 12 13 15 16 18 20 23 25 0 0 0 0 
1 3 4 8 10 12 13 14 16 17 19 21 24 26 0 0 0 
1 2 4 5 9 11 13 14 15 17 18 20 22 25 27 0 0 
1 2 3 5 6 10 12 14 15 16 18 19 21 23 26 0 0 
2 3 4 6 7 11 13 15 16 17 19 20 22 24 27 0 0 
3 4 5 7 8 12 14 16 17 18 20 21 23 25 0 0 0 
1 4 5 6 8 9 13 15 17 18 19 21 22 24 26 0 0 
2 5 6 7 9 10 14 16 18 19 20 22 23 25 27 0 0 
1 3 6 7 8 10 11 15 17 19 20 21 23 24 26 0 0 
2 4 7 8 9 11 12 16 18 20 21 22 24 25 27 0 0 
1 3 5 8 9 10 12 13 17 19 21 22 23 25 26 0 0 
1 2 4 6 9 10 11 13 14 18 20 22 23 24 26 27 0 
1 2 3 5 7 10 11 12 14 15 19 21 23 24 25 27 0 
2 3 4 6 8 11 12 13 15 16 20 22 24 25 26 0 0 
3 4 5 7 9 12 13 14 16 17 21 23 25 26 27 0 0 
1 4 5 6 8 10 13 14 15 17 18 22 24 26 27 0 0 
2 5 6 7 9 11 14 15 16 18 19 23 25 27 0 0 0 
1 3 6 7 8 10 12 15 16 17 19 20 24 26 0 0 0 
2 4 7 8 9 11 13 16 17 18 20 21 25 27 0 0 0 
1 3 5 8 9 10 12 14 17 18 19 21 22 26 0 0 0 
2 4 6 9 10 11 13 15 18 19 20 22 23 27 0 0 0 
1 3 5 7 10 11 12 14 16 19 20 21 23 24 0 0 0 
2 4 6 8 11 12 13 15 17 20 21 22 24 25 0 0 0 
1 3 5 7 9 12 13 14 16 18 21 22 23 25 26 0 0 
1 2 4 6 8 10 13 14 15 17 19 22 23 24 26 27 0 
2 3 5 7 9 11 14 15 16 18 20 23 24 25 27 0 0 
1 3 4 6 8 10 12 15 16 17 19 21 24 25 26 0 0 
1 2 4 5 7 9 11 13 16 17 18 20 22 25 26 27 0 
1 2 3 5 6 8 10 12 14 17 18 19 21 23 26 27 0 
2 3 4 6 7 9 11 13 15 18 19 20 22 24 27 0 0 
3 4 5 7 8 10 12 14 16 19 20 21 23 25 0 0 0 
1 4 5 6 8 9 11 13 15 17 20 21 22 24 26 0 0 
1 2 5 6 7 9 10 12 14 16 18 21 22 23 25 27 0 
2 3 6 7 8 10 11 13 15 17 19 22 23 24 26 0 0 
1 3 4 7 8 9 11 12 14 16 18 20 23 24 25 27 0 
1 2 4 5 8 9 10 12 13 15 17 19 21 24 25 26 0 
1 2 3 5 6 9 10 11 13 14 16 18 20 22 25 26 27 
2 3 4 6 7 10 11 12 14 15 17 19 21 23 26 27 0 
3 4 5 7 8 11 12 13 15 16 18 20 22 24 27 0 0 
4 5 6 8 9 12 13 14 16 17 19 21 23 25 0 0 0 
1 5 6 7 9 10 13 14 15 17 18 20 22 24 26 0 0 
1 2 6 7 8 10 11 14 15 16 18 19 21 23 25 27 0 
2 3 7 8 9 11 12 15 16 17 19 20 22 24 26 0 0 
3 4 8 9 10 12 13 16 17 18 20 21 23 25 27 0 0 
4 5 9 10 11 13 14 17 18 19 21 22 24 26 0 0 0 
5 6 10 11 12 14 15 18 19 20 22 23 25 27 0 0 0 
1 6 7 11 12 13 15 16 19 20 21 23 24 26 0 0 0 
2 7 8 12 13 14 16 17 20 21 22 24 25 27 0 0 0 
3 8 9 13 14 15 17 18 21 22 23 25 26 0 0 0 0 
4 9 10 14 15 16 18 19 22 23 24 26 27 0 0 0 0 
5 10 11 15 16 17 19 20 23 24 25 27 0 0 0 0 0 
1 6 11 12 16 17 18 20 21 24 25 26 0 0 0 0 0 
1 2 7 12 13 17 18 19 21 22 25 26 27 0 0 0 0 
2 3 8 13 14 18 19 20 22 23 26 27 0 0 0 0 0 
1 3 4 9 14 15 19 20 21 23 24 27 0 0 0 0 0 
2 4 5 10 15 16 20 21 22 24 25 0 0 0 0 0 0 
1 3 5 6 11 16 17 21 22 23 25 26 0 0 0 0 0 
1 2 4 6 7 12 17 18 22 23 24 26 27 0 0 0 0 
1 2 3 5 7 8 13 18 19 23 24 25 27 0 0 0 0 
2 3 4 6 8 9 14 19 20 24 25 26 0 0 0 0 0 
1 3 4 5 7 9 10 15 20 21 25 26 27 0 0 0 0 
1 2 4 5 6 8 10 11 16 21 22 26 27 0 0 0 0 
2 3 5 6 7 9 11 12 17 22 23 27 0 0 0 0 0 
1 3 4 6 7 8 10 12 13 18 23 24 0 0 0 0 0 
2 4 5 7 8 9 11 13 14 19 24 25 0 0 0 0 0 
1 3 5 6 8 9 10 12 14 15 20 25 26 0 0 0 0 
1 2 4 6 7 9 10 11 13 15 16 21 26 27 0 0 0 
2 3 5 7 8 10 11 12 14 16 17 22 27 0 0 0 0 
1 3 4 6 8 9 11 12 13 15 17 18 23 0 0 0 0 
2 4 5 7 9 10 12 13 14 16 18 19 24 0 0 0 0 
3 5 6 8 10 11 13 14 15 17 19 20 25 0 0 0 0 
4 6 7 9 11 12 14 15 16 18 20 21 26 0 0 0 0 
5 7 8 10 12 13 15 16 17 19 21 22 27 0 0 0 0 
6 8 9 11 13 14 16 17 18 20 22 23 0 0 0 0 0 
1 7 9 10 12 14 15 17 18 19 21 23 24 0 0 0 0 
1 2 8 10 11 13 15 16 18 19 20 22 24 25 0 0 0 
1 2 3 9 11 12 14 16 17 19 20 21 23 25 26 0 0 
2 3 4 10 12 13 15 17 18 20 21 22 24 26 27 0 0 
3 4 5 11 13 14 16 18 19 21 22 23 25 27 0 0 0 
1 4 5 6 12 14 15 17 19 20 22 23 24 26 0 0 0 
2 5 6 7 13 15 16 18 20 21 23 24 25 27 0 0 0 
3 6 7 8 14 16 17 19 21 22 24 25 26 0 0 0 0 
4 7 8 9 15 17 18 20 22 23 25 26 27 0 0 0 0 
5 8 9 10 16 18 19 21 23 24 26 27 0 0 0 0 0 
6 9 10 11 17 19 20 22 24 25 27 0 0 0 0 0 0 
7 10 11 12 18 20 21 23 25 26 0 0 0 0 0 0 0 
8 11 12 13 19 21 22 24 26 27 0 0 0 0 0 0 0 
9 12 13 14 20 22 23 25 27 0 0 0 0 0 0 0 0 
10 13 14 15 21 23 24 26 0 0 0 0 0 0 0 0 0 
11 14 15 16 22 24 25 27 0 0 0 0 0 0 0 0 0 
12 15 16 17 23 25 26 0 0 0 0 0 0 0 0 0 0 
13 16 17 18 24 26 27 0 0 0 0 0 0 0 0 0 0 
14 17 18 19 25 27 0 0 0 0 0 0 0 0 0 0 0 
15 18 19 20 26 0 0 0 0 0 0 0 0 0 0 0 0 
16 19 20 21 27 0 0 0 0 0 0 0 0 0 0 0 0 
17 20 21 22 0 0 0 0 0 0 0 0 0 0 0 0 0 
18 21 22 23 0 0 0 0 0 0 0 0 0 0 0 0 0 
19 22 23 24 0 0 0 0 0 0 0 0 0 0 0 0 0 
20 23 24 25 0 0 0 0 0 0 0 0 0 0 0 0 0 
21 24 25 26 0 0 0 0 0 0 0 0 0 0 0 0 0 
22 25 26 27 0 0 0 0 0 0 0 0 0 0 0 0 0 
23 26 27 0 0 0 0 0 0 0 0 0 0 0 0 0 0 
24 27 0 0 0 0 0 0 0 0 0 0 0 0 0 0 0 
25 0 0 0 0 0 0 0 0 0 0 0 0 0 0 0 0 
26 0 0 0 0 0 0 0 0 0 0 0 0 0 0 0 0 
27 0 0 0 0 0 0 0 0 0 0 0 0 0 0 0 0 
1 2 3 5 6 7 12 13 16 17 18 22 24 25 27 28 32 33 34 35 37 38 39 41 47 48 52 57 58 59 60 61 63 64 66 68 69 71 75 78 81 85 86 87 90 91 97 105 107 109 112 121 122 123 125 128 131 134 135 143 145 146 147 149 150 151 153 155 156 159 161 162 164 171 173 177 180 181 182 186 190 194 196 197 198 200 201 205 206 207 208 210 211 213 214 219 220 222 223 225 226 228 230 231 236 238 241 243 250 251 255 258 259 260 262 263 265 267 269 272 273 281 283 284 287 292 295 299 300 303 306 307 310 311 312 316 317 319 322 324 325 327 329 330 332 335 338 339 342 348 349 350 352 353 355 357 358 362 363 366 367 368 369 370 373 374 375 377 378 379 382 384 387 389 391 392 394 395 396 398 400 404 405 407 408 409 412 414 416 417 418 421 423 425 427 429 430 432 433 434 437 438 440 441 442 446 447 452 457 458 460 462 463 464 466 467 469 471 472 474 480 481 482 485 
2 3 4 6 7 8 13 14 17 18 19 23 25 26 28 29 33 34 35 36 38 39 40 42 48 49 53 58 59 60 61 62 64 65 67 69 70 72 76 79 82 86 87 88 91 92 98 106 108 110 113 122 123 124 126 129 132 135 136 144 146 147 148 150 151 152 154 156 157 160 162 163 165 172 174 178 181 182 183 187 191 195 197 198 199 201 202 206 207 208 209 211 212 214 215 220 221 223 224 226 227 229 231 232 237 239 242 244 251 252 256 259 260 261 263 264 266 268 270 273 274 282 284 285 288 293 296 300 301 304 307 308 311 312 313 317 318 320 323 325 326 328 330 331 333 336 339 340 343 349 350 351 353 354 356 358 359 363 364 367 368 369 370 371 374 375 376 378 379 380 383 385 388 390 392 393 395 396 397 399 401 405 406 408 409 410 413 415 417 418 419 422 424 426 428 430 431 433 434 435 438 439 441 442 443 447 448 453 458 459 461 463 464 465 467 468 470 472 473 475 481 482 483 486 
3 4 5 7 8 9 14 15 18 19 20 24 26 27 29 30 34 35 36 37 39 40 41 43 49 50 54 59 60 61 62 63 65 66 68 70 71 73 77 80 83 87 88 89 92 93 99 107 109 111 114 123 124 125 127 130 133 136 137 145 147 148 149 151 152 153 155 157 158 161 163 164 166 173 175 179 182 183 184 188 192 196 198 199 200 202 203 207 208 209 210 212 213 215 216 221 222 224 225 227 228 230 232 233 238 240 243 245 252 253 257 260 261 262 264 265 267 269 271 274 275 283 285 286 289 294 297 301 302 305 308 309 312 313 314 318 319 321 324 326 327 329 331 332 334 337 340 341 344 350 351 352 354 355 357 359 360 364 365 368 369 370 371 372 375 376 377 379 380 381 384 386 389 391 393 394 396 397 398 400 402 406 407 409 410 411 414 416 418 419 420 423 425 427 429 431 432 434 435 436 439 440 442 443 444 448 449 454 459 460 462 464 465 466 468 469 471 473 474 476 482 483 484 487 
4 5 6 8 9 10 15 16 19 20 21 25 27 28 30 31 35 36 37 38 40 41 42 44 50 51 55 60 61 62 63 64 66 67 69 71 72 74 78 81 84 88 89 90 93 94 100 108 110 112 115 124 125 126 128 131 134 137 138 146 148 149 150 152 153 154 156 158 159 162 164 165 167 174 176 180 183 184 185 189 193 197 199 200 201 203 204 208 209 210 211 213 214 216 217 222 223 225 226 228 229 231 233 234 239 241 244 246 253 254 258 261 262 263 265 266 268 270 272 275 276 284 286 287 290 295 298 302 303 306 309 310 313 314 315 319 320 322 325 327 328 330 332 333 335 338 341 342 345 351 352 353 355 356 358 360 361 365 366 369 370 371 372 373 376 377 378 380 381 382 385 387 390 392 394 395 397 398 399 401 403 407 408 410 411 412 415 417 419 420 421 424 426 428 430 432 433 435 436 437 440 441 443 444 445 449 450 455 460 461 463 465 466 467 469 470 472 474 475 477 483 484 485 488 
5 6 7 9 10 11 16 17 20 21 22 26 28 29 31 32 36 37 38 39 41 42 43 45 51 52 56 61 62 63 64 65 67 68 70 72 73 75 79 82 85 89 90 91 94 95 101 109 111 113 116 125 126 127 129 132 135 138 139 147 149 150 151 153 154 155 157 159 160 163 165 166 168 175 177 181 184 185 186 190 194 198 200 201 202 204 205 209 210 211 212 214 215 217 218 223 224 226 227 229 230 232 234 235 240 242 245 247 254 255 259 262 263 264 266 267 269 271 273 276 277 285 287 288 291 296 299 303 304 307 310 311 314 315 316 320 321 323 326 328 329 331 333 334 336 339 342 343 346 352 353 354 356 357 359 361 362 366 367 370 371 372 373 374 377 378 379 381 382 383 386 388 391 393 395 396 398 399 400 402 404 408 409 411 412 413 416 418 420 421 422 425 427 429 431 433 434 436 437 438 441 442 444 445 446 450 451 456 461 462 464 466 467 468 470 471 473 475 476 478 484 485 486 489 
6 7 8 10 11 12 17 18 21 22 23 27 29 30 32 33 37 38 39 40 42 43 44 46 52 53 57 62 63 64 65 66 68 69 71 73 74 76 80 83 86 90 91 92 95 96 102 110 112 114 117 126 127 128 130 133 136 139 140 148 150 151 152 154 155 156 158 160 161 164 166 167 169 176 178 182 185 186 187 191 195 199 201 202 203 205 206 210 211 212 213 215 216 218 219 224 225 227 228 230 231 233 235 236 241 243 246 248 255 256 260 263 264 265 267 268 270 272 274 277 278 286 288 289 292 297 300 304 305 308 311 312 315 316 317 321 322 324 327 329 330 332 334 335 337 340 343 344 347 353 354 355 357 358 360 362 363 367 368 371 372 373 374 375 378 379 380 382 383 384 387 389 392 394 396 397 399 400 401 403 405 409 410 412 413 414 417 419 421 422 423 426 428 430 432 434 435 437 438 439 442 443 445 446 447 451 452 457 462 463 465 467 468 469 471 472 474 476 477 479 485 486 487 490 
7 8 9 11 12 13 18 19 22 23 24 28 30 31 33 34 38 39 40 41 43 44 45 47 53 54 58 63 64 65 66 67 69 70 72 74 75 77 81 84 87 91 92 93 96 97 103 111 113 115 118 127 128 129 131 134 137 140 141 149 151 152 153 155 156 157 159 161 162 165 167 168 170 177 179 183 186 187 188 192 196 200 202 203 204 206 207 211 212 213 214 216 217 219 220 225 226 228 229 231 232 234 236 237 242 244 247 249 256 257 261 264 265 266 268 269 271 273 275 278 279 287 289 290 293 298 301 305 306 309 312 313 316 317 318 322 323 325 328 330 331 333 335 336 338 341 344 345 348 354 355 356 358 359 361 363 364 368 369 372 373 374 375 376 379 380 381 383 384 385 388 390 393 395 397 398 400 401 402 404 406 410 411 413 414 415 418 420 422 423 424 427 429 431 433 435 436 438 439 440 443 444 446 447 448 452 453 458 463 464 466 468 469 470 472 473 475 477 478 480 486 487 488 491 
8 9 10 12 13 14 19 20 23 24 25 29 31 32 34 35 39 40 41 42 44 45 46 48 54 55 59 64 65 66 67 68 70 71 73 75 76 78 82 85 88 92 93 94 97 98 104 112 114 116 119 128 129 130 132 135 138 141 142 150 152 153 154 156 157 158 160 162 163 166 168 169 171 178 180 184 187 188 189 193 197 201 203 204 205 207 208 212 213 214 215 217 218 220 221 226 227 229 230 232 233 235 237 238 243 245 248 250 257 258 262 265 266 267 269 270 272 274 276 279 280 288 290 291 294 299 302 306 307 310 313 314 317 318 319 323 324 326 329 331 332 334 336 337 339 342 345 346 349 355 356 357 359 360 362 364 365 369 370 373 374 375 376 377 380 381 382 384 385 386 389 391 394 396 398 399 401 402 403 405 407 411 412 414 415 416 419 421 423 424 425 428 430 432 434 436 437 439 440 441 444 445 447 448 449 453 454 459 464 465 467 469 470 471 473 474 476 478 479 481 487 488 489 492 
9 10 11 13 14 15 20 21 24 25 26 30 32 33 35 36 40 41 42 43 45 46 47 49 55 56 60 65 66 67 68 69 71 72 74 76 77 79 83 86 89 93 94 95 98 99 105 113 115 117 120 129 130 131 133 136 139 142 143 151 153 154 155 157 158 159 161 163 164 167 169 170 172 179 181 185 188 189 190 194 198 202 204 205 206 208 209 213 214 215 216 218 219 221 222 227 228 230 231 233 234 236 238 239 244 246 249 251 258 259 263 266 267 268 270 271 273 275 277 280 281 289 291 292 295 300 303 307 308 311 314 315 318 319 320 324 325 327 330 332 333 335 337 338 340 343 346 347 350 356 357 358 360 361 363 365 366 370 371 374 375 376 377 378 381 382 383 385 386 387 390 392 395 397 399 400 402 403 404 406 408 412 413 415 416 417 420 422 424 425 426 429 431 433 435 437 438 440 441 442 445 446 448 449 450 454 455 460 465 466 468 470 471 472 474 475 477 479 480 482 488 489 490 493 
10 11 12 14 15 16 21 22 25 26 27 31 33 34 36 37 41 42 43 44 46 47 48 50 56 57 61 66 67 68 69 70 72 73 75 77 78 80 84 87 90 94 95 96 99 100 106 114 116 118 121 130 131 132 134 137 140 143 144 152 154 155 156 158 159 160 162 164 165 168 170 171 173 180 182 186 189 190 191 195 199 203 205 206 207 209 210 214 215 216 217 219 220 222 223 228 229 231 232 234 235 237 239 240 245 247 250 252 259 260 264 267 268 269 271 272 274 276 278 281 282 290 292 293 296 301 304 308 309 312 315 316 319 320 321 325 326 328 331 333 334 336 338 339 341 344 347 348 351 357 358 359 361 362 364 366 367 371 372 375 376 377 378 379 382 383 384 386 387 388 391 393 396 398 400 401 403 404 405 407 409 413 414 416 417 418 421 423 425 426 427 430 432 434 436 438 439 441 442 443 446 447 449 450 451 455 456 461 466 467 469 471 472 473 475 476 478 480 481 483 489 490 491 494 
11 12 13 15 16 17 22 23 26 27 28 32 34 35 37 38 42 43 44 45 47 48 49 51 57 58 62 67 68 69 70 71 73 74 76 78 79 81 85 88 91 95 96 97 100 101 107 115 117 119 122 131 132 133 135 138 141 144 145 153 155 156 157 159 160 161 163 165 166 169 171 172 174 181 183 187 190 191 192 196 200 204 206 207 208 210 211 215 216 217 218 220 221 223 224 229 230 232 233 235 236 238 240 241 246 248 251 253 260 261 265 268 269 270 272 273 275 277 279 282 283 291 293 294 297 302 305 309 310 313 316 317 320 321 322 326 327 329 332 334 335 337 339 340 342 345 348 349 352 358 359 360 362 363 365 367 368 372 373 376 377 378 379 380 383 384 385 387 388 389 392 394 397 399 401 402 404 405 406 408 410 414 415 417 418 419 422 424 426 427 428 431 433 435 437 439 440 442 443 444 447 448 450 451 452 456 457 462 467 468 470 472 473 474 476 477 479 481 482 484 490 491 492 495 
12 13 14 16 17 18 23 24 27 28 29 33 35 36 38 39 43 44 45 46 48 49 50 52 58 59 63 68 69 70 71 72 74 75 77 79 80 82 86 89 92 96 97 98 101 102 108 116 118 120 123 132 133 134 136 139 142 145 146 154 156 157 158 160 161 162 164 166 167 170 172 173 175 182 184 188 191 192 193 197 201 205 207 208 209 211 212 216 217 218 219 221 222 224 225 230 231 233 234 236 237 239 241 242 247 249 252 254 261 262 266 269 270 271 273 274 276 278 280 283 284 292 294 295 298 303 306 310 311 314 317 318 321 322 323 327 328 330 333 335 336 338 340 341 343 346 349 350 353 359 360 361 363 364 366 368 369 373 374 377 378 379 380 381 384 385 386 388 389 390 393 395 398 400 402 403 405 406 407 409 411 415 416 418 419 420 423 425 427 428 429 432 434 436 438 440 441 443 444 445 448 449 451 452 453 457 458 463 468 469 471 473 474 475 477 478 480 482 483 485 491 492 493 496 
13 14 15 17 18 19 24 25 28 29 30 34 36 37 39 40 44 45 46 47 49 50 51 53 59 60 64 69 70 71 72 73 75 76 78 80 81 83 87 90 93 97 98 99 102 103 109 117 119 121 124 133 134 135 137 140 143 146 147 155 157 158 159 161 162 163 165 167 168 171 173 174 176 183 185 189 192 193 194 198 202 206 208 209 210 212 213 217 218 219 220 222 223 225 226 231 232 234 235 237 238 240 242 243 248 250 253 255 262 263 267 270 271 272 274 275 277 279 281 284 285 293 295 296 299 304 307 311 312 315 318 319 322 323 324 328 329 331 334 336 337 339 341 342 344 347 350 351 354 360 361 362 364 365 367 369 370 374 375 378 379 380 381 382 385 386 387 389 390 391 394 396 399 401 403 404 406 407 408 410 412 416 417 419 420 421 424 426 428 429 430 433 435 437 439 441 442 444 445 446 449 450 452 453 454 458 459 464 469 470 472 474 475 476 478 479 481 483 484 486 492 493 494 497 
14 15 16 18 19 20 25 26 29 30 31 35 37 38 40 41 45 46 47 48 50 51 52 54 60 61 65 70 71 72 73 74 76 77 79 81 82 84 88 91 94 98 99 100 103 104 110 118 120 122 125 134 135 136 138 141 144 147 148 156 158 159 160 162 163 164 166 168 169 172 174 175 177 184 186 190 193 194 195 199 203 207 209 210 211 213 214 218 219 220 221 223 224 226 227 232 233 235 236 238 239 241 243 244 249 251 254 256 263 264 268 271 272 273 275 276 278 280 282 285 286 294 296 297 300 305 308 312 313 316 319 320 323 324 325 329 330 332 335 337 338 340 342 343 345 348 351 352 355 361 362 363 365 366 368 370 371 375 376 379 380 381 382 383 386 387 388 390 391 392 395 397 400 402 404 405 407 408 409 411 413 417 418 420 421 422 425 427 429 430 431 434 436 438 440 442 443 445 446 447 450 451 453 454 455 459 460 465 470 471 473 475 476 477 479 480 482 484 485 487 493 494 495 498 
15 16 17 19 20 21 26 27 30 31 32 36 38 39 41 42 46 47 48 49 51 52 53 55 61 62 66 71 72 73 74 75 77 78 80 82 83 85 89 92 95 99 100 101 104 105 111 119 121 123 126 135 136 137 139 142 145 148 149 157 159 160 161 163 164 165 167 169 170 173 175 176 178 185 187 191 194 195 196 200 204 208 210 211 212 214 215 219 220 221 222 224 225 227 228 233 234 236 237 239 240 242 244 245 250 252 255 257 264 265 269 272 273 274 276 277 279 281 283 286 287 295 297 298 301 306 309 313 314 317 320 321 324 325 326 330 331 333 336 338 339 341 343 344 346 349 352 353 356 362 363 364 366 367 369 371 372 376 377 380 381 382 383 384 387 388 389 391 392 393 396 398 401 403 405 406 408 409 410 412 414 418 419 421 422 423 426 428 430 431 432 435 437 439 441 443 444 446 447 448 451 452 454 455 456 460 461 466 471 472 474 476 477 478 480 481 483 485 486 488 494 495 496 499 
16 17 18 20 21 22 27 28 31 32 33 37 39 40 42 43 47 48 49 50 52 53 54 56 62 63 67 72 73 74 75 76 78 79 81 83 84 86 90 93 96 100 101 102 105 106 112 120 122 124 127 136 137 138 140 143 146 149 150 158 160 161 162 164 165 166 168 170 171 174 176 177 179 186 188 192 195 196 197 201 205 209 211 212 213 215 216 220 221 222 223 225 226 228 229 234 235 237 238 240 241 243 245 246 251 253 256 258 265 266 270 273 274 275 277 278 280 282 284 287 288 296 298 299 302 307 310 314 315 318 321 322 325 326 327 331 332 334 337 339 340 342 344 345 347 350 353 354 357 363 364 365 367 368 370 372 373 377 378 381 382 383 384 385 388 389 390 392 393 394 397 399 402 404 406 407 409 410 411 413 415 419 420 422 423 424 427 429 431 432 433 436 438 440 442 444 445 447 448 449 452 453 455 456 457 461 462 467 472 473 475 477 478 479 481 482 484 486 487 489 495 496 497 500 
17 18 19 21 22 23 28 29 32 33 34 38 40 41 43 44 48 49 50 51 53 54 55 57 63 64 68 73 74 75 76 77 79 80 82 84 85 87 91 94 97 101 102 103 106 107 113 121 123 125 128 137 138 139 141 144 147 150 151 159 161 162 163 165 166 167 169 171 172 175 177 178 180 187 189 193 196 197 198 202 206 210 212 213 214 216 217 221 222 223 224 226 227 229 230 235 236 238 239 241 242 244 246 247 252 254 257 259 266 267 271 274 275 276 278 279 281 283 285 288 289 297 299 300 303 308 311 315 316 319 322 323 326 327 328 332 333 335 338 340 341 343 345 346 348 351 354 355 358 364 365 366 368 369 371 373 374 378 379 382 383 384 385 386 389 390 391 393 394 395 398 400 403 405 407 408 410 411 412 414 416 420 421 423 424 425 428 430 432 433 434 437 439 441 443 445 446 448 449 450 453 454 456 457 458 462 463 468 473 474 476 478 479 480 482 483 485 487 488 490 496 497 498 501 
18 19 20 22 23 24 29 30 33 34 35 39 41 42 44 45 49 50 51 52 54 55 56 58 64 65 69 74 75 76 77 78 80 81 83 85 86 88 92 95 98 102 103 104 107 108 114 122 124 126 129 138 139 140 142 145 148 151 152 160 162 163 164 166 167 168 170 172 173 176 178 179 181 188 190 194 197 198 199 203 207 211 213 214 215 217 218 222 223 224 225 227 228 230 231 236 237 239 240 242 243 245 247 248 253 255 258 260 267 268 272 275 276 277 279 280 282 284 286 289 290 298 300 301 304 309 312 316 317 320 323 324 327 328 329 333 334 336 339 341 342 344 346 347 349 352 355 356 359 365 366 367 369 370 372 374 375 379 380 383 384 385 386 387 390 391 392 394 395 396 399 401 404 406 408 409 411 412 413 415 417 421 422 424 425 426 429 431 433 434 435 438 440 442 444 446 447 449 450 451 454 455 457 458 459 463 464 469 474 475 477 479 480 481 483 484 486 488 489 491 497 498 499 502 
19 20 21 23 24 25 30 31 34 35 36 40 42 43 45 46 50 51 52 53 55 56 57 59 65 66 70 75 76 77 78 79 81 82 84 86 87 89 93 96 99 103 104 105 108 109 115 123 125 127 130 139 140 141 143 146 149 152 153 161 163 164 165 167 168 169 171 173 174 177 179 180 182 189 191 195 198 199 200 204 208 212 214 215 216 218 219 223 224 225 226 228 229 231 232 237 238 240 241 243 244 246 248 249 254 256 259 261 268 269 273 276 277 278 280 281 283 285 287 290 291 299 301 302 305 310 313 317 318 321 324 325 328 329 330 334 335 337 340 342 343 345 347 348 350 353 356 357 360 366 367 368 370 371 373 375 376 380 381 384 385 386 387 388 391 392 393 395 396 397 400 402 405 407 409 410 412 413 414 416 418 422 423 425 426 427 430 432 434 435 436 439 441 443 445 447 448 450 451 452 455 456 458 459 460 464 465 470 475 476 478 480 481 482 484 485 487 489 490 492 498 499 500 503 
20 21 22 24 25 26 31 32 35 36 37 41 43 44 46 47 51 52 53 54 56 57 58 60 66 67 71 76 77 78 79 80 82 83 85 87 88 90 94 97 100 104 105 106 109 110 116 124 126 128 131 140 141 142 144 147 150 153 154 162 164 165 166 168 169 170 172 174 175 178 180 181 183 190 192 196 199 200 201 205 209 213 215 216 217 219 220 224 225 226 227 229 230 232 233 238 239 241 242 244 245 247 249 250 255 257 260 262 269 270 274 277 278 279 281 282 284 286 288 291 292 300 302 303 306 311 314 318 319 322 325 326 329 330 331 335 336 338 341 343 344 346 348 349 351 354 357 358 361 367 368 369 371 372 374 376 377 381 382 385 386 387 388 389 392 393 394 396 397 398 401 403 406 408 410 411 413 414 415 417 419 423 424 426 427 428 431 433 435 436 437 440 442 444 446 448 449 451 452 453 456 457 459 460 461 465 466 471 476 477 479 481 482 483 485 486 488 490 491 493 499 500 501 504 
21 22 23 25 26 27 32 33 36 37 38 42 44 45 47 48 52 53 54 55 57 58 59 61 67 68 72 77 78 79 80 81 83 84 86 88 89 91 95 98 101 105 106 107 110 111 117 125 127 129 132 141 142 143 145 148 151 154 155 163 165 166 167 169 170 171 173 175 176 179 181 182 184 191 193 197 200 201 202 206 210 214 216 217 218 220 221 225 226 227 228 230 231 233 234 239 240 242 243 245 246 248 250 251 256 258 261 263 270 271 275 278 279 280 282 283 285 287 289 292 293 301 303 304 307 312 315 319 320 323 326 327 330 331 332 336 337 339 342 344 345 347 349 350 352 355 358 359 362 368 369 370 372 373 375 377 378 382 383 386 387 388 389 390 393 394 395 397 398 399 402 404 407 409 411 412 414 415 416 418 420 424 425 427 428 429 432 434 436 437 438 441 443 445 447 449 450 452 453 454 457 458 460 461 462 466 467 472 477 478 480 482 483 484 486 487 489 491 492 494 500 501 502 505 
22 23 24 26 27 28 33 34 37 38 39 43 45 46 48 49 53 54 55 56 58 59 60 62 68 69 73 78 79 80 81 82 84 85 87 89 90 92 96 99 102 106 107 108 111 112 118 126 128 130 133 142 143 144 146 149 152 155 156 164 166 167 168 170 171 172 174 176 177 180 182 183 185 192 194 198 201 202 203 207 211 215 217 218 219 221 222 226 227 228 229 231 232 234 235 240 241 243 244 246 247 249 251 252 257 259 262 264 271 272 276 279 280 281 283 284 286 288 290 293 294 302 304 305 308 313 316 320 321 324 327 328 331 332 333 337 338 340 343 345 346 348 350 351 353 356 359 360 363 369 370 371 373 374 376 378 379 383 384 387 388 389 390 391 394 395 396 398 399 400 403 405 408 410 412 413 415 416 417 419 421 425 426 428 429 430 433 435 437 438 439 442 444 446 448 450 451 453 454 455 458 459 461 462 463 467 468 473 478 479 481 483 484 485 487 488 490 492 493 495 501 502 503 506 
23 24 25 27 28 29 34 35 38 39 40 44 46 47 49 50 54 55 56 57 59 60 61 63 69 70 74 79 80 81 82 83 85 86 88 90 91 93 97 100 103 107 108 109 112 113 119 127 129 131 134 143 144 145 147 150 153 156 157 165 167 168 169 171 172 173 175 177 178 181 183 184 186 193 195 199 202 203 204 208 212 216 218 219 220 222 223 227 228 229 230 232 233 235 236 241 242 244 245 247 248 250 252 253 258 260 263 265 272 273 277 280 281 282 284 285 287 289 291 294 295 303 305 306 309 314 317 321 322 325 328 329 332 333 334 338 339 341 344 346 347 349 351 352 354 357 360 361 364 370 371 372 374 375 377 379 380 384 385 388 389 390 391 392 395 396 397 399 400 401 404 406 409 411 413 414 416 417 418 420 422 426 427 429 430 431 434 436 438 439 440 443 445 447 449 451 452 454 455 456 459 460 462 463 464 468 469 474 479 480 482 484 485 486 488 489 491 493 494 496 502 503 504 507 
24 25 26 28 29 30 35 36 39 40 41 45 47 48 50 51 55 56 57 58 60 61 62 64 70 71 75 80 81 82 83 84 86 87 89 91 92 94 98 101 104 108 109 110 113 114 120 128 130 132 135 144 145 146 148 151 154 157 158 166 168 169 170 172 173 174 176 178 179 182 184 185 187 194 196 200 203 204 205 209 213 217 219 220 221 223 224 228 229 230 231 233 234 236 237 242 243 245 246 248 249 251 253 254 259 261 264 266 273 274 278 281 282 283 285 286 288 290 292 295 296 304 306 307 310 315 318 322 323 326 329 330 333 334 335 339 340 342 345 347 348 350 352 353 355 358 361 362 365 371 372 373 375 376 378 380 381 385 386 389 390 391 392 393 396 397 398 400 401 402 405 407 410 412 414 415 417 418 419 421 423 427 428 430 431 432 435 437 439 440 441 444 446 448 450 452 453 455 456 457 460 461 463 464 465 469 470 475 480 481 483 485 486 487 489 490 492 494 495 497 503 504 505 508 
25 26 27 29 30 31 36 37 40 41 42 46 48 49 51 52 56 57 58 59 61 62 63 65 71 72 76 81 82 83 84 85 87 88 90 92 93 95 99 102 105 109 110 111 114 115 121 129 131 133 136 145 146 147 149 152 155 158 159 167 169 170 171 173 174 175 177 179 180 183 185 186 188 195 197 201 204 205 206 210 214 218 220 221 222 224 225 229 230 231 232 234 235 237 238 243 244 246 247 249 250 252 254 255 260 262 265 267 274 275 279 282 283 284 286 287 289 291 293 296 297 305 307 308 311 316 319 323 324 327 330 331 334 335 336 340 341 343 346 348 349 351 353 354 356 359 362 363 366 372 373 374 376 377 379 381 382 386 387 390 391 392 393 394 397 398 399 401 402 403 406 408 411 413 415 416 418 419 420 422 424 428 429 431 432 433 436 438 440 441 442 445 447 449 451 453 454 456 457 458 461 462 464 465 466 470 471 476 481 482 484 486 487 488 490 491 493 495 496 498 504 505 506 509 
26 27 28 30 31 32 37 38 41 42 43 47 49 50 52 53 57 58 59 60 62 63 64 66 72 73 77 82 83 84 85 86 88 89 91 93 94 96 100 103 106 110 111 112 115 116 122 130 132 134 137 146 147 148 150 153 156 159 160 168 170 171 172 174 175 176 178 180 181 184 186 187 189 196 198 202 205 206 207 211 215 219 221 222 223 225 226 230 231 232 233 235 236 238 239 244 245 247 248 250 251 253 255 256 261 263 266 268 275 276 280 283 284 285 287 288 290 292 294 297 298 306 308 309 312 317 320 324 325 328 331 332 335 336 337 341 342 344 347 349 350 352 354 355 357 360 363 364 367 373 374 375 377 378 380 382 383 387 388 391 392 393 394 395 398 399 400 402 403 404 407 409 412 414 416 417 419 420 421 423 425 429 430 432 433 434 437 439 441 442 443 446 448 450 452 454 455 457 458 459 462 463 465 466 467 471 472 477 482 483 485 487 488 489 491 492 494 496 497 499 505 506 507 510 
27 28 29 31 32 33 38 39 42 43 44 48 50 51 53 54 58 59 60 61 63 64 65 67 73 74 78 83 84 85 86 87 89 90 92 94 95 97 101 104 107 111 112 113 116 117 123 131 133 135 138 147 148 149 151 154 157 160 161 169 171 172 173 175 176 177 179 181 182 185 187 188 190 197 199 203 206 207 208 212 216 220 222 223 224 226 227 231 232 233 234 236 237 239 240 245 246 248 249 251 252 254 256 257 262 264 267 269 276 277 281 284 285 286 288 289 291 293 295 298 299 307 309 310 313 318 321 325 326 329 332 333 336 337 338 342 343 345 348 350 351 353 355 356 358 361 364 365 368 374 375 376 378 379 381 383 384 388 389 392 393 394 395 396 399 400 401 403 404 405 408 410 413 415 417 418 420 421 422 424 426 430 431 433 434 435 438 440 442 443 444 447 449 451 453 455 456 458 459 460 463 464 466 467 468 472 473 478 483 484 486 488 489 490 492 493 495 497 498 500 506 507 508 511 
